
40	

38	

36	

34	

32	

30	

28	

26	

24	

22	

20	

18	

16	

14	

12	

10	

8	

6	

4	

2	

5	89,90,501,502,503,504,585,586,790,791,792,793,794,1187,1188,1219,1305,1416,1417,1511,1512,1513,1586,1587,1702,1875,1876,1877,2070,2071,2072,2509,2710,2711,2712,2713,3588,3589,3738,3756,3757,3765,3769,3770,3884,3885,3886,3887,3888,3889,3890,3942,3943,3944,3945,3946,3947,3948,3949,3950,3961,3962,3963,3964,3965,3966,3967,3968,3969,3970,4377,4378,4648,4649,4731,4732,4733,4734,4735,4736,4737,4738,4739,4740,4741,4742,4743,4915,4916,5121,5122,5458,5459,5967,5968,6022,6023,6024,6025,6026,6027,6028,6029,6030,6031,6032,6033,6034,6587,6588,6700,6701,6941,6942,6973,7133,7134,7135,7136,7374,7375,7376,7496,7497,7498,7499,7763,7867,7868,7882,7883,7954,7955,7956,7957,7958,7959,7960,7961,8010,8011,8012,8013,8297,8298,8997,8998,9009,9010,9016,9017,9018,9019,9020,9021,9030,9031,9032,9324,9325,9727,9728,9916,9917,10101,10102,10320,10321,10322,10323,10324,10325,10326,10327,10328,10329,10330,10331,10332,10607,10716,10717,10718,10719,10799,10800,10903,10904,10965,10966,11084,11085,11086,11369,11370,11483,11844,11845,12081,12082,12497,12602,12686,12687,13045,13046,13050,13051,13241,13307,13320,13321,13322,13323,13403,13404,13405,13406,13407,13420,13454,13455,13489,13490,13581,13582,13586,13588,13590,13591,13593,13594,13597,13598,13599,13601,13602,13604,13620,13621,13622,13623,13625,13627,13629,13630,13634,13638,13639,13642,13643,13646,13647,13648,13649,13650,13651,13652,13653,13654,13655,13656,13657,13658,13659,13660,13661,13662,13663,13664,13665,13666,13667,13668,13716,13717,13718,13719,13720,13896,13897,14224,14225,14226,14227,14228,14229,14230,14231,14232,14233,14234,14235,14236,14237,14238,14239,14240,14241,14242,14243,14244,14245,14246,14247,14248,14249,14250,14251,14252,14253,14318,14319,14350,14351,15028,15029,15128,15129,15682,15683,15684,15685,15686,15687,15688,15689,15690,15691,15692,15756,15757,15849,15850,15888,15889,16153,16154,16270,16271,16608,16753,16754,17172,17285,17286,17392,17393,18036,18037,18385,18386,18476,18477,18901,18902,18903,18904,18905,18906,18907,18908,18909,18910,18911,18912,18913,18914,18915,19096,19097,19525,19526,19527,19528,19529,19898,19899,19987,19988,19994,19995,20129,20130,20131,20132,20133,20134,20135,20136,20137,20138,20139,20140,20141,20142,20143,20144,20145,20146,20147,20148,20149,20150,20151,20152,20153,20154,20155,20156,20157,20158,20341,20342,20343,20363,20367,20368,20369,20370,20371,20372,20373,20374,20375,20376,20377,20378,20379,20380,20386,20387,20388,20389,20390,20391,20392,20393,20394,20395,20396,20397,20398,20399,20400,20401,20668,20671,20672,20673,20674,20676,20677,20679,20680,20681,20682,20683,20684,20689,20690,20692,20693,20694,20697,20698,20720,20721,20722,20723,20724,20725,20726,20727,20728,20733,20734,20735,20739,20740,20744,20745,20751,20752,20753,20754,20755,20756,20757,20758,20759,20760,20761,20762,20763,20764,20765,20767,20768,20769,20778,20779,20780,20781,20782,20791,20794,20795,20797,20798,20817,20818,20826,20827,20828,20829,20835,20836,20837,20838,20839,20841,20842,20843,20844,20845,20846,20847,20848,20849,20974,20975,21027,21028,21029,21032,21033,21034,21035,21036,21037,21097,21098,21099,21100,21101,21102,21103,21104,21105,21106,21111,21112,21113,21114,21115,21116,21117,21118,21125,21126,21127,21273,21274,21477,21478,21610,21611,21887,21888,21889,21890,21927,21928,21929,21930,22047,22048,22049,22050,22051,22052,22134,22135,22136,22142,22143,22144,22145,22146,22147,22148,22149,22150,22151,22152,22153,22154,22155,22156,22157,22158,22159,22160,22161,22162,22163,22164,22165,22166,22167,22168,22169,22170,22171,22172,22173,22174,22175,22176,22177,

40	
40	
40	15,16,17,60,61,64,65,89,90,147,148,149,150,151,181,182,183,193,194,290,291,292,293,359,360,361,362,363,364,380,381,385,386,387,391,393,453,454,475,501,502,503,504,507,508,576,585,586,790,791,792,793,794,805,858,1187,1188,1219,1305,1309,1310,1315,1316,1324,1325,1413,1414,1415,1416,1417,1425,1426,1427,1428,1429,1511,1512,1513,1586,1587,1657,1702,1711,1712,1716,1723,1724,1725,1875,1876,1877,1932,1933,1977,1978,1996,1997,1998,1999,2000,2005,2006,2031,2032,2070,2071,2072,2116,2119,2120,2121,2122,2123,2124,2125,2132,2133,2137,2138,2139,2140,2144,2145,2152,2153,2154,2207,2208,2223,2259,2412,2413,2460,2461,2489,2490,2491,2493,2494,2495,2496,2509,2620,2621,2622,2640,2641,2642,2643,2696,2697,2698,2707,2708,2709,2710,2711,2712,2713,2714,2917,2939,2940,2952,3001,3025,3026,3078,3079,3124,3127,3128,3156,3157,3212,3213,3214,3215,3230,3231,3277,3278,3344,3350,3360,3361,3367,3368,3433,3436,3472,3473,3501,3502,3514,3515,3559,3588,3589,3608,3609,3662,3663,3664,3665,3666,3667,3738,3756,3757,3758,3765,3769,3770,3777,3778,3786,3787,3833,3834,3857,3858,3867,3868,3880,3881,3882,3883,3884,3885,3886,3887,3888,3889,3890,3929,3934,3942,3943,3944,3945,3946,3947,3948,3949,3950,3951,3952,3953,3954,3955,3956,3961,3962,3963,3964,3965,3966,3967,3968,3969,3970,3971,3972,3973,3974,3975,3976,4063,4064,4172,4173,4218,4219,4301,4302,4303,4304,4309,4320,4321,4332,4333,4377,4378,4383,4406,4407,4408,4451,4452,4508,4527,4530,4531,4532,4533,4534,4537,4538,4539,4540,4556,4557,4558,4559,4560,4561,4563,4564,4565,4566,4569,4648,4649,4666,4731,4732,4733,4734,4735,4736,4737,4738,4739,4740,4741,4742,4743,4749,4750,4751,4752,4753,4754,4755,4771,4772,4818,4819,4911,4912,4913,4914,4915,4916,4917,4918,5020,5021,5022,5071,5072,5080,5081,5092,5093,5094,5100,5121,5122,5123,5124,5125,5126,5169,5170,5171,5172,5203,5204,5206,5207,5208,5209,5210,5211,5212,5222,5223,5224,5225,5241,5242,5243,5244,5264,5301,5302,5345,5346,5359,5360,5381,5409,5410,5430,5431,5432,5458,5459,5475,5494,5495,5496,5497,5498,5513,5514,5516,5517,5603,5604,5736,5747,5748,5749,5753,5754,5755,5756,5757,5758,5759,5760,5761,5762,5763,5764,5781,5782,5967,5968,5969,5970,5980,5981,5982,6022,6023,6024,6025,6026,6027,6028,6029,6030,6031,6032,6033,6034,6035,6036,6065,6066,6067,6068,6069,6070,6071,6072,6084,6085,6110,6118,6158,6159,6160,6161,6190,6191,6202,6203,6237,6238,6239,6357,6533,6534,6535,6537,6538,6543,6544,6545,6546,6587,6588,6589,6590,6700,6701,6719,6720,6721,6722,6765,6766,6767,6768,6825,6826,6827,6857,6858,6859,6860,6867,6868,6874,6875,6876,6877,6878,6879,6892,6893,6941,6942,6973,6974,6975,7011,7012,7013,7014,7045,7102,7103,7132,7133,7134,7135,7136,7137,7139,7140,7191,7192,7374,7375,7376,7378,7379,7442,7443,7447,7453,7454,7455,7456,7457,7458,7459,7481,7482,7483,7485,7486,7487,7496,7497,7498,7499,7552,7553,7559,7560,7634,7635,7672,7673,7687,7717,7761,7762,7763,7866,7867,7868,7882,7883,7954,7955,7956,7957,7958,7959,7960,7961,7982,8007,8008,8009,8010,8011,8012,8013,8022,8023,8068,8069,8081,8082,8297,8298,8299,8300,8322,8323,8431,8432,8438,8439,8550,8551,8594,8595,8700,8701,8751,8752,8851,8956,8957,8991,8992,8997,8998,9009,9010,9012,9013,9014,9016,9017,9018,9019,9020,9021,9030,9031,9032,9054,9289,9324,9325,9339,9340,9341,9506,9648,9649,9725,9726,9727,9728,9748,9749,9750,9751,9831,9832,9833,9852,9853,9854,9916,9917,9988,9989,9990,10028,10029,10030,10036,10037,10038,10039,10045,10058,10101,10102,10126,10127,10247,10248,10249,10250,10251,10272,10273,10320,10321,10322,10323,10324,10325,10326,10327,10328,10329,10330,10331,10332,10436,10437,10448,10449,10561,10562,10586,10607,10691,10692,10697,10715,10716,10717,10718,10719,10720,10721,10765,10766,10767,10768,10769,10770,10799,10800,10805,10843,10844,10877,10878,10879,10903,10904,10943,10944,10965,10966,10967,10968,10998,10999,11000,11037,11038,11056,11084,11085,11086,11155,11156,11157,11158,11159,11160,11196,11197,11205,11242,11318,11319,11320,11321,11322,11323,11324,11325,11326,11327,11328,11329,11330,11331,11332,11333,11334,11367,11369,11370,11471,11472,11473,11474,11475,11476,11477,11478,11479,11480,11481,11483,11637,11640,11641,11844,11845,11923,11932,11933,12081,12082,12106,12107,12155,12156,12266,12267,12294,12295,12459,12462,12463,12497,12542,12543,12564,12565,12566,12567,12602,12686,12687,12691,12692,12743,12744,12801,12802,12803,12804,12808,12809,12828,12838,12839,12889,12890,12920,12970,13019,13020,13045,13046,13050,13051,13052,13053,13134,13135,13136,13153,13191,13192,13197,13198,13218,13219,13241,13245,13246,13247,13248,13249,13250,13258,13259,13307,13320,13321,13322,13323,13403,13404,13405,13406,13407,13420,13430,13431,13449,13454,13455,13456,13457,13489,13490,13515,13532,13533,13534,13535,13572,13573,13574,13575,13576,13581,13582,13583,13584,13586,13587,13588,13589,13590,13591,13593,13594,13595,13596,13597,13598,13599,13600,13601,13602,13603,13604,13620,13621,13622,13623,13624,13625,13626,13627,13628,13629,13630,13631,13632,13634,13635,13636,13638,13639,13640,13642,13643,13644,13646,13647,13648,13649,13650,13651,13652,13653,13654,13655,13656,13657,13658,13659,13660,13661,13662,13663,13664,13665,13666,13667,13668,13710,13711,13712,13713,13714,13715,13716,13717,13718,13719,13720,13792,13805,13806,13811,13812,13871,13874,13875,13877,13880,13888,13889,13890,13896,13897,13907,13908,14010,14011,14012,14013,14021,14022,14027,14028,14041,14042,14072,14073,14134,14162,14163,14224,14225,14226,14227,14228,14229,14230,14231,14232,14233,14234,14235,14236,14237,14238,14239,14240,14241,14242,14243,14244,14245,14246,14247,14248,14249,14250,14251,14252,14253,14318,14319,14350,14351,14388,14389,14425,14545,14563,14564,14565,14566,14692,14693,14694,14695,14772,14773,14818,14819,14885,14886,14901,14922,14923,14932,14946,14961,14962,14992,15027,15028,15029,15070,15071,15072,15088,15090,15091,15092,15093,15094,15095,15096,15097,15098,15099,15100,15101,15102,15103,15104,15105,15106,15107,15108,15109,15110,15111,15112,15113,15114,15115,15116,15117,15118,15119,15120,15121,15122,15128,15129,15137,15159,15166,15167,15187,15189,15264,15290,15291,15336,15354,15355,15362,15432,15513,15595,15596,15597,15598,15608,15609,15610,15631,15637,15638,15656,15682,15683,15684,15685,15686,15687,15688,15689,15690,15691,15692,15718,15719,15745,15746,15747,15748,15756,15757,15785,15786,15796,15797,15849,15850,15888,15889,15972,15973,16003,16004,16017,16018,16034,16059,16060,16069,16099,16153,16154,16191,16192,16193,16194,16205,16206,16215,16216,16224,16265,16266,16270,16271,16273,16274,16295,16315,16326,16327,16328,16329,16330,16346,16347,16388,16389,16390,16399,16400,16460,16461,16462,16468,16476,16487,16488,16498,16499,16501,16548,16550,16552,16553,16554,16557,16558,16608,16753,16754,16948,16949,17002,17034,17157,17158,17172,17285,17286,17320,17321,17322,17342,17345,17346,17379,17392,17393,17454,17460,17461,17482,17483,17540,17541,17543,17578,17579,17580,17582,17587,17588,17609,17614,17615,17716,17717,17741,17742,17819,17820,17821,17840,17841,17848,17975,17980,17981,17984,17985,17986,17991,17992,18018,18019,18020,18032,18033,18034,18035,18036,18037,18038,18088,18089,18093,18094,18180,18181,18385,18386,18401,18402,18407,18408,18409,18415,18416,18476,18477,18483,18554,18555,18557,18558,18582,18583,18584,18597,18598,18601,18604,18607,18649,18745,18755,18756,18810,18811,18812,18813,18820,18821,18822,18823,18824,18825,18853,18854,18857,18858,18879,18901,18902,18903,18904,18905,18906,18907,18908,18909,18910,18911,18912,18913,18914,18915,19003,19004,19025,19038,19039,19040,19041,19042,19048,19067,19068,19072,19073,19080,19081,19096,19097,19104,19105,19106,19107,19108,19109,19131,19132,19148,19149,19177,19187,19196,19205,19257,19258,19259,19269,19270,19280,19339,19389,19390,19439,19440,19525,19526,19527,19528,19529,19581,19707,19708,19795,19796,19799,19800,19896,19897,19898,19899,19938,19939,19940,19948,19949,19966,19967,19987,19988,19990,19991,19994,19995,20032,20037,20040,20041,20059,20129,20130,20131,20132,20133,20134,20135,20136,20137,20138,20139,20140,20141,20142,20143,20144,20145,20146,20147,20148,20149,20150,20151,20152,20153,20154,20155,20156,20157,20158,20170,20171,20177,20178,20341,20342,20343,20363,20367,20368,20369,20370,20371,20372,20373,20374,20375,20376,20377,20378,20379,20380,20386,20387,20388,20389,20390,20391,20392,20393,20394,20395,20396,20397,20398,20399,20400,20401,20402,20403,20484,20508,20509,20621,20622,20633,20649,20650,20668,20671,20672,20673,20674,20676,20677,20679,20680,20681,20682,20683,20684,20689,20690,20692,20693,20694,20697,20698,20720,20721,20722,20723,20724,20725,20726,20727,20728,20733,20734,20735,20739,20740,20744,20745,20748,20749,20751,20752,20753,20754,20755,20756,20757,20758,20759,20760,20761,20762,20763,20764,20765,20767,20768,20769,20778,20779,20780,20781,20782,20783,20784,20785,20786,20789,20790,20791,20792,20793,20794,20795,20796,20797,20798,20799,20800,20801,20802,20803,20810,20811,20817,20818,20825,20826,20827,20828,20829,20830,20831,20832,20833,20834,20835,20836,20837,20838,20839,20840,20841,20842,20843,20844,20845,20846,20847,20848,20849,20850,20851,20852,20853,20882,20916,20917,20927,20928,20929,20930,20974,20975,21005,21006,21027,21028,21029,21032,21033,21034,21035,21036,21037,21095,21096,21097,21098,21099,21100,21101,21102,21103,21104,21105,21106,21108,21109,21110,21111,21112,21113,21114,21115,21116,21117,21118,21125,21126,21127,21226,21227,21236,21237,21238,21273,21274,21319,21335,21336,21337,21374,21375,21404,21409,21445,21446,21447,21477,21478,21501,21548,21576,21587,21588,21600,21610,21611,21627,21628,21629,21630,21631,21632,21633,21634,21652,21671,21672,21720,21721,21850,21851,21859,21860,21887,21888,21889,21890,21927,21928,21929,21930,22004,22005,22007,22008,22009,22010,22047,22048,22049,22050,22051,22052,22059,22105,22106,22131,22134,22135,22136,22142,22143,22144,22145,22146,22147,22148,22149,22150,22151,22152,22153,22154,22155,22156,22157,22158,22159,22160,22161,22162,22163,22164,22165,22166,22167,22168,22169,22170,22171,22172,22173,22174,22175,22176,22177,

38	
38	
5	89,90,501,502,503,504,585,586,790,791,792,793,794,1187,1188,1219,1305,1416,1417,1511,1512,1513,1586,1587,1702,1875,1876,1877,2070,2071,2072,2509,2710,2711,2712,2713,3588,3589,3738,3756,3757,3765,3769,3770,3884,3885,3886,3887,3888,3889,3890,3942,3943,3944,3945,3946,3947,3948,3949,3950,3961,3962,3963,3964,3965,3966,3967,3968,3969,3970,4377,4378,4648,4649,4731,4732,4733,4734,4735,4736,4737,4738,4739,4740,4741,4742,4743,4915,4916,5121,5122,5458,5459,5967,5968,6022,6023,6024,6025,6026,6027,6028,6029,6030,6031,6032,6033,6034,6587,6588,6700,6701,6941,6942,6973,7133,7134,7135,7136,7374,7375,7376,7496,7497,7498,7499,7763,7867,7868,7882,7883,7954,7955,7956,7957,7958,7959,7960,7961,8010,8011,8012,8013,8297,8298,8997,8998,9009,9010,9016,9017,9018,9019,9020,9021,9030,9031,9032,9324,9325,9727,9728,9916,9917,10101,10102,10320,10321,10322,10323,10324,10325,10326,10327,10328,10329,10330,10331,10332,10607,10716,10717,10718,10719,10799,10800,10903,10904,10965,10966,11084,11085,11086,11369,11370,11483,11844,11845,12081,12082,12497,12602,12686,12687,13045,13046,13050,13051,13241,13307,13320,13321,13322,13323,13403,13404,13405,13406,13407,13420,13454,13455,13489,13490,13581,13582,13586,13588,13590,13591,13593,13594,13597,13598,13599,13601,13602,13604,13620,13621,13622,13623,13625,13627,13629,13630,13634,13638,13639,13642,13643,13646,13647,13648,13649,13650,13651,13652,13653,13654,13655,13656,13657,13658,13659,13660,13661,13662,13663,13664,13665,13666,13667,13668,13716,13717,13718,13719,13720,13896,13897,14224,14225,14226,14227,14228,14229,14230,14231,14232,14233,14234,14235,14236,14237,14238,14239,14240,14241,14242,14243,14244,14245,14246,14247,14248,14249,14250,14251,14252,14253,14318,14319,14350,14351,15028,15029,15128,15129,15682,15683,15684,15685,15686,15687,15688,15689,15690,15691,15692,15756,15757,15849,15850,15888,15889,16153,16154,16270,16271,16608,16753,16754,17172,17285,17286,17392,17393,18036,18037,18385,18386,18476,18477,18901,18902,18903,18904,18905,18906,18907,18908,18909,18910,18911,18912,18913,18914,18915,19096,19097,19525,19526,19527,19528,19529,19898,19899,19987,19988,19994,19995,20129,20130,20131,20132,20133,20134,20135,20136,20137,20138,20139,20140,20141,20142,20143,20144,20145,20146,20147,20148,20149,20150,20151,20152,20153,20154,20155,20156,20157,20158,20341,20342,20343,20363,20367,20368,20369,20370,20371,20372,20373,20374,20375,20376,20377,20378,20379,20380,20386,20387,20388,20389,20390,20391,20392,20393,20394,20395,20396,20397,20398,20399,20400,20401,20668,20671,20672,20673,20674,20676,20677,20679,20680,20681,20682,20683,20684,20689,20690,20692,20693,20694,20697,20698,20720,20721,20722,20723,20724,20725,20726,20727,20728,20733,20734,20735,20739,20740,20744,20745,20751,20752,20753,20754,20755,20756,20757,20758,20759,20760,20761,20762,20763,20764,20765,20767,20768,20769,20778,20779,20780,20781,20782,20791,20794,20795,20797,20798,20817,20818,20826,20827,20828,20829,20835,20836,20837,20838,20839,20841,20842,20843,20844,20845,20846,20847,20848,20849,20974,20975,21027,21028,21029,21032,21033,21034,21035,21036,21037,21097,21098,21099,21100,21101,21102,21103,21104,21105,21106,21111,21112,21113,21114,21115,21116,21117,21118,21125,21126,21127,21273,21274,21477,21478,21610,21611,21887,21888,21889,21890,21927,21928,21929,21930,22047,22048,22049,22050,22051,22052,22134,22135,22136,22142,22143,22144,22145,22146,22147,22148,22149,22150,22151,22152,22153,22154,22155,22156,22157,22158,22159,22160,22161,22162,22163,22164,22165,22166,22167,22168,22169,22170,22171,22172,22173,22174,22175,22176,22177,

20	
20	
20	64,65,89,90,147,290,291,361,362,385,386,387,393,501,502,503,504,507,508,585,586,790,791,792,793,794,805,1187,1188,1219,1305,1309,1310,1415,1416,1417,1426,1427,1511,1512,1513,1586,1587,1702,1716,1875,1876,1877,1932,1933,1977,1978,1996,1997,1998,1999,2005,2006,2031,2032,2070,2071,2072,2132,2133,2137,2138,2144,2145,2152,2153,2223,2259,2490,2491,2495,2496,2509,2620,2642,2643,2697,2698,2707,2708,2709,2710,2711,2712,2713,2939,2940,2952,3025,3026,3124,3127,3128,3156,3157,3350,3360,3361,3433,3436,3588,3589,3738,3756,3757,3765,3769,3770,3833,3834,3884,3885,3886,3887,3888,3889,3890,3929,3942,3943,3944,3945,3946,3947,3948,3949,3950,3951,3952,3953,3954,3955,3956,3961,3962,3963,3964,3965,3966,3967,3968,3969,3970,4063,4064,4218,4219,4377,4378,4406,4407,4408,4451,4452,4530,4531,4532,4533,4537,4538,4539,4540,4557,4558,4561,4563,4564,4569,4648,4649,4731,4732,4733,4734,4735,4736,4737,4738,4739,4740,4741,4742,4743,4749,4750,4751,4752,4753,4754,4755,4771,4772,4818,4819,4913,4914,4915,4916,4917,4918,5020,5021,5022,5092,5093,5094,5100,5121,5122,5211,5212,5222,5223,5224,5225,5241,5242,5243,5244,5381,5409,5410,5430,5431,5458,5459,5475,5494,5495,5496,5497,5498,5513,5514,5736,5747,5748,5749,5753,5754,5755,5756,5757,5758,5759,5760,5761,5762,5763,5764,5967,5968,5969,5970,5980,5981,5982,6022,6023,6024,6025,6026,6027,6028,6029,6030,6031,6032,6033,6034,6110,6158,6159,6160,6161,6357,6533,6534,6535,6537,6538,6543,6544,6545,6546,6587,6588,6700,6701,6721,6722,6765,6766,6768,6826,6827,6857,6858,6859,6860,6867,6868,6874,6875,6876,6877,6892,6893,6941,6942,6973,6974,6975,7102,7103,7133,7134,7135,7136,7191,7192,7374,7375,7376,7447,7453,7454,7455,7456,7457,7458,7459,7485,7486,7487,7496,7497,7498,7499,7634,7635,7672,7673,7717,7761,7762,7763,7867,7868,7882,7883,7954,7955,7956,7957,7958,7959,7960,7961,8007,8008,8009,8010,8011,8012,8013,8297,8298,8299,8300,8431,8432,8438,8439,8700,8701,8851,8991,8992,8997,8998,9009,9010,9012,9013,9014,9016,9017,9018,9019,9020,9021,9030,9031,9032,9054,9324,9325,9339,9725,9726,9727,9728,9748,9749,9750,9751,9831,9832,9833,9852,9853,9854,9916,9917,10028,10101,10102,10320,10321,10322,10323,10324,10325,10326,10327,10328,10329,10330,10331,10332,10561,10562,10607,10697,10715,10716,10717,10718,10719,10720,10721,10765,10766,10767,10768,10769,10770,10799,10800,10805,10903,10904,10943,10965,10966,10998,10999,11000,11037,11038,11084,11085,11086,11155,11156,11157,11158,11159,11160,11196,11197,11318,11319,11320,11321,11322,11323,11324,11325,11326,11327,11328,11329,11330,11331,11332,11333,11334,11369,11370,11471,11472,11473,11476,11477,11478,11479,11480,11481,11483,11637,11844,11845,12081,12082,12106,12107,12459,12462,12463,12497,12602,12686,12687,12743,12744,12801,12802,12828,12920,13045,13046,13050,13051,13052,13053,13218,13219,13241,13245,13246,13258,13259,13307,13320,13321,13322,13323,13403,13404,13405,13406,13407,13420,13454,13455,13456,13457,13489,13490,13534,13535,13572,13575,13576,13581,13582,13583,13584,13586,13587,13588,13589,13590,13591,13593,13594,13595,13596,13597,13598,13599,13600,13601,13602,13603,13604,13620,13621,13622,13623,13624,13625,13626,13627,13628,13629,13630,13631,13632,13634,13635,13636,13638,13639,13640,13642,13643,13644,13646,13647,13648,13649,13650,13651,13652,13653,13654,13655,13656,13657,13658,13659,13660,13661,13662,13663,13664,13665,13666,13667,13668,13716,13717,13718,13719,13720,13805,13806,13811,13812,13896,13897,13907,13908,14010,14011,14027,14028,14041,14042,14162,14163,14224,14225,14226,14227,14228,14229,14230,14231,14232,14233,14234,14235,14236,14237,14238,14239,14240,14241,14242,14243,14244,14245,14246,14247,14248,14249,14250,14251,14252,14253,14318,14319,14350,14351,14388,14389,14425,14545,14563,14564,14772,14773,14818,14819,15027,15028,15029,15070,15071,15088,15128,15129,15189,15354,15355,15362,15595,15596,15682,15683,15684,15685,15686,15687,15688,15689,15690,15691,15692,15745,15746,15747,15748,15756,15757,15849,15850,15888,15889,16003,16004,16017,16018,16099,16153,16154,16192,16193,16205,16206,16224,16270,16271,16273,16274,16388,16389,16390,16460,16461,16462,16501,16548,16557,16558,16608,16753,16754,16948,16949,17002,17157,17158,17172,17285,17286,17320,17321,17342,17345,17346,17379,17392,17393,17454,17460,17461,17543,17587,17741,17742,17848,17984,17985,17986,17992,18018,18019,18020,18036,18037,18038,18088,18089,18093,18094,18180,18181,18385,18386,18401,18402,18407,18408,18415,18416,18476,18477,18554,18555,18582,18583,18584,18601,18607,18755,18756,18823,18824,18879,18901,18902,18903,18904,18905,18906,18907,18908,18909,18910,18911,18912,18913,18914,18915,19025,19067,19068,19096,19097,19104,19131,19132,19177,19205,19257,19258,19259,19339,19389,19390,19525,19526,19527,19528,19529,19799,19800,19896,19897,19898,19899,19938,19939,19940,19948,19949,19987,19988,19990,19991,19994,19995,20032,20129,20130,20131,20132,20133,20134,20135,20136,20137,20138,20139,20140,20141,20142,20143,20144,20145,20146,20147,20148,20149,20150,20151,20152,20153,20154,20155,20156,20157,20158,20177,20178,20341,20342,20343,20363,20367,20368,20369,20370,20371,20372,20373,20374,20375,20376,20377,20378,20379,20380,20386,20387,20388,20389,20390,20391,20392,20393,20394,20395,20396,20397,20398,20399,20400,20401,20484,20508,20509,20649,20650,20668,20671,20672,20673,20674,20676,20677,20679,20680,20681,20682,20683,20684,20689,20690,20692,20693,20694,20697,20698,20720,20721,20722,20723,20724,20725,20726,20727,20728,20733,20734,20735,20739,20740,20744,20745,20751,20752,20753,20754,20755,20756,20757,20758,20759,20760,20761,20762,20763,20764,20765,20767,20768,20769,20778,20779,20780,20781,20782,20791,20794,20795,20797,20798,20817,20818,20826,20827,20828,20829,20835,20836,20837,20838,20839,20841,20842,20843,20844,20845,20846,20847,20848,20849,20882,20974,20975,21027,21028,21029,21032,21033,21034,21035,21036,21037,21095,21096,21097,21098,21099,21100,21101,21102,21103,21104,21105,21106,21108,21109,21110,21111,21112,21113,21114,21115,21116,21117,21118,21125,21126,21127,21226,21227,21236,21237,21238,21273,21274,21335,21336,21337,21374,21375,21404,21409,21477,21478,21600,21610,21611,21627,21628,21629,21630,21631,21632,21633,21634,21652,21887,21888,21889,21890,21927,21928,21929,21930,22004,22005,22007,22008,22009,22010,22047,22048,22049,22050,22051,22052,22131,22134,22135,22136,22142,22143,22144,22145,22146,22147,22148,22149,22150,22151,22152,22153,22154,22155,22156,22157,22158,22159,22160,22161,22162,22163,22164,22165,22166,22167,22168,22169,22170,22171,22172,22173,22174,22175,22176,22177,

18	
18	
18	64,65,89,90,147,290,291,393,501,502,503,504,507,508,585,586,790,791,792,793,794,805,1187,1188,1219,1305,1309,1310,1415,1416,1417,1426,1427,1511,1512,1513,1586,1587,1702,1716,1875,1876,1877,1932,1933,1977,1978,1996,1997,1998,1999,2005,2006,2031,2032,2070,2071,2072,2132,2133,2137,2138,2144,2145,2152,2153,2223,2259,2490,2491,2495,2496,2509,2620,2642,2643,2697,2698,2707,2708,2709,2710,2711,2712,2713,3025,3026,3124,3127,3128,3350,3433,3436,3588,3589,3738,3756,3757,3765,3769,3770,3833,3834,3884,3885,3886,3887,3888,3889,3890,3929,3942,3943,3944,3945,3946,3947,3948,3949,3950,3951,3952,3953,3954,3955,3956,3961,3962,3963,3964,3965,3966,3967,3968,3969,3970,4063,4064,4218,4219,4377,4378,4406,4407,4408,4451,4452,4530,4531,4532,4533,4537,4538,4539,4540,4648,4649,4731,4732,4733,4734,4735,4736,4737,4738,4739,4740,4741,4742,4743,4749,4750,4751,4752,4753,4754,4755,4771,4772,4818,4819,4913,4914,4915,4916,4917,4918,5020,5021,5022,5092,5093,5094,5100,5121,5122,5211,5212,5222,5223,5241,5242,5381,5409,5410,5430,5431,5458,5459,5475,5494,5495,5496,5497,5498,5513,5514,5736,5747,5748,5749,5753,5754,5755,5756,5757,5758,5759,5760,5761,5762,5763,5764,5967,5968,5969,5970,5980,5981,5982,6022,6023,6024,6025,6026,6027,6028,6029,6030,6031,6032,6033,6034,6110,6158,6159,6160,6161,6357,6533,6534,6535,6537,6538,6543,6544,6545,6546,6587,6588,6700,6701,6721,6722,6765,6766,6768,6826,6827,6857,6858,6859,6860,6867,6868,6874,6875,6876,6877,6892,6893,6941,6942,6973,6974,6975,7102,7103,7133,7134,7135,7136,7191,7192,7374,7375,7376,7447,7453,7454,7455,7456,7457,7458,7459,7486,7487,7496,7497,7498,7499,7634,7635,7717,7761,7762,7763,7867,7868,7882,7883,7954,7955,7956,7957,7958,7959,7960,7961,8007,8008,8009,8010,8011,8012,8013,8297,8298,8299,8300,8431,8432,8438,8439,8700,8701,8851,8991,8992,8997,8998,9009,9010,9012,9013,9014,9016,9017,9018,9019,9020,9021,9030,9031,9032,9054,9324,9325,9725,9726,9727,9728,9748,9749,9750,9751,9832,9833,9852,9853,9854,9916,9917,10028,10101,10102,10320,10321,10322,10323,10324,10325,10326,10327,10328,10329,10330,10331,10332,10561,10562,10607,10715,10716,10717,10718,10719,10720,10721,10765,10766,10767,10768,10769,10770,10799,10800,10805,10903,10904,10943,10965,10966,10998,10999,11000,11037,11038,11084,11085,11086,11155,11156,11157,11158,11159,11160,11196,11197,11318,11319,11369,11370,11471,11472,11473,11476,11477,11478,11479,11480,11481,11483,11844,11845,12081,12082,12106,12107,12459,12497,12602,12686,12687,12743,12744,12801,12802,12828,12920,13045,13046,13050,13051,13052,13053,13241,13307,13320,13321,13322,13323,13403,13404,13405,13406,13407,13420,13454,13455,13456,13457,13489,13490,13572,13575,13576,13581,13582,13583,13584,13586,13587,13588,13589,13590,13591,13593,13594,13595,13596,13597,13598,13599,13600,13601,13602,13603,13604,13620,13621,13622,13623,13624,13625,13626,13627,13628,13629,13630,13631,13632,13634,13635,13636,13638,13639,13640,13642,13643,13644,13646,13647,13648,13649,13650,13651,13652,13653,13654,13655,13656,13657,13658,13659,13660,13661,13662,13663,13664,13665,13666,13667,13668,13716,13717,13718,13719,13720,13805,13806,13811,13812,13896,13897,13907,13908,14010,14011,14027,14028,14162,14163,14224,14225,14226,14227,14228,14229,14230,14231,14232,14233,14234,14235,14236,14237,14238,14239,14240,14241,14242,14243,14244,14245,14246,14247,14248,14249,14250,14251,14252,14253,14318,14319,14350,14351,14388,14389,14425,14545,14563,14564,14818,14819,15027,15028,15029,15088,15128,15129,15189,15354,15355,15362,15595,15596,15682,15683,15684,15685,15686,15687,15688,15689,15690,15691,15692,15745,15746,15747,15748,15756,15757,15849,15850,15888,15889,16017,16018,16099,16153,16154,16192,16193,16205,16206,16270,16271,16273,16274,16388,16389,16390,16462,16501,16548,16557,16558,16608,16753,16754,16948,16949,17002,17157,17158,17172,17285,17286,17320,17321,17342,17345,17346,17379,17392,17393,17454,17460,17461,17543,17587,17741,17742,17848,17984,17985,17986,17992,18018,18019,18020,18036,18037,18038,18093,18094,18385,18386,18401,18402,18407,18408,18415,18416,18476,18477,18554,18555,18582,18583,18584,18755,18756,18823,18824,18879,18901,18902,18903,18904,18905,18906,18907,18908,18909,18910,18911,18912,18913,18914,18915,19025,19067,19068,19096,19097,19104,19131,19132,19177,19205,19257,19258,19259,19339,19389,19390,19525,19526,19527,19528,19529,19799,19800,19896,19897,19898,19899,19938,19939,19940,19948,19949,19987,19988,19990,19991,19994,19995,20032,20129,20130,20131,20132,20133,20134,20135,20136,20137,20138,20139,20140,20141,20142,20143,20144,20145,20146,20147,20148,20149,20150,20151,20152,20153,20154,20155,20156,20157,20158,20177,20178,20341,20342,20343,20363,20367,20368,20369,20370,20371,20372,20373,20374,20375,20376,20377,20378,20379,20380,20386,20387,20388,20389,20390,20391,20392,20393,20394,20395,20396,20397,20398,20399,20400,20401,20484,20508,20509,20649,20650,20668,20671,20672,20673,20674,20676,20677,20679,20680,20681,20682,20683,20684,20689,20690,20692,20693,20694,20697,20698,20720,20721,20722,20723,20724,20725,20726,20727,20728,20733,20734,20735,20739,20740,20744,20745,20751,20752,20753,20754,20755,20756,20757,20758,20759,20760,20761,20762,20763,20764,20765,20767,20768,20769,20778,20779,20780,20781,20782,20791,20794,20795,20797,20798,20817,20818,20826,20827,20828,20829,20835,20836,20837,20838,20839,20841,20842,20843,20844,20845,20846,20847,20848,20849,20882,20974,20975,21027,21028,21029,21032,21033,21034,21035,21036,21037,21097,21098,21099,21100,21101,21102,21103,21104,21105,21106,21108,21109,21110,21111,21112,21113,21114,21115,21116,21117,21118,21125,21126,21127,21236,21237,21238,21273,21274,21335,21336,21337,21374,21375,21404,21409,21477,21478,21600,21610,21611,21627,21628,21629,21630,21631,21632,21633,21634,21652,21887,21888,21889,21890,21927,21928,21929,21930,22004,22005,22007,22008,22009,22010,22047,22048,22049,22050,22051,22052,22134,22135,22136,22142,22143,22144,22145,22146,22147,22148,22149,22150,22151,22152,22153,22154,22155,22156,22157,22158,22159,22160,22161,22162,22163,22164,22165,22166,22167,22168,22169,22170,22171,22172,22173,22174,22175,22176,22177,

16	
16	
16	64,65,89,90,290,291,393,501,502,503,504,585,586,790,791,792,793,794,805,1187,1188,1219,1305,1415,1416,1417,1426,1427,1511,1512,1513,1586,1587,1702,1716,1875,1876,1877,1932,1933,1977,1978,1996,1997,1998,1999,2005,2006,2070,2071,2072,2132,2133,2137,2138,2144,2145,2152,2153,2223,2259,2490,2491,2495,2496,2509,2620,2642,2643,2697,2698,2708,2709,2710,2711,2712,2713,3025,3026,3124,3127,3128,3350,3433,3588,3589,3738,3756,3757,3765,3769,3770,3833,3834,3884,3885,3886,3887,3888,3889,3890,3929,3942,3943,3944,3945,3946,3947,3948,3949,3950,3951,3952,3953,3954,3955,3956,3961,3962,3963,3964,3965,3966,3967,3968,3969,3970,4063,4064,4218,4219,4377,4378,4406,4408,4451,4452,4530,4531,4532,4533,4537,4538,4539,4540,4648,4649,4731,4732,4733,4734,4735,4736,4737,4738,4739,4740,4741,4742,4743,4749,4750,4751,4752,4753,4754,4755,4771,4772,4818,4819,4913,4914,4915,4916,4917,4918,5020,5021,5022,5092,5093,5094,5100,5121,5122,5211,5212,5222,5223,5241,5242,5381,5409,5410,5430,5431,5458,5459,5475,5494,5495,5496,5497,5498,5513,5514,5736,5747,5748,5749,5753,5754,5755,5756,5757,5758,5759,5760,5761,5762,5763,5764,5967,5968,5969,5970,5980,5981,5982,6022,6023,6024,6025,6026,6027,6028,6029,6030,6031,6032,6033,6034,6158,6159,6357,6533,6534,6535,6537,6538,6543,6544,6545,6546,6587,6588,6700,6701,6721,6722,6765,6766,6768,6826,6827,6857,6858,6859,6860,6867,6868,6941,6942,6973,6974,6975,7102,7103,7133,7134,7135,7136,7191,7192,7374,7375,7376,7447,7453,7454,7455,7456,7457,7458,7459,7486,7487,7496,7497,7498,7499,7717,7761,7762,7763,7867,7868,7882,7883,7954,7955,7956,7957,7958,7959,7960,7961,8007,8008,8009,8010,8011,8012,8013,8297,8298,8299,8300,8431,8432,8438,8439,8700,8701,8851,8991,8992,8997,8998,9009,9010,9012,9013,9014,9016,9017,9018,9019,9020,9021,9030,9031,9032,9324,9325,9727,9728,9748,9749,9750,9751,9832,9833,9852,9853,9854,9916,9917,10028,10101,10102,10320,10321,10322,10323,10324,10325,10326,10327,10328,10329,10330,10331,10332,10561,10562,10607,10715,10716,10717,10718,10719,10720,10721,10765,10766,10767,10768,10769,10770,10799,10800,10805,10903,10904,10943,10965,10966,10998,11037,11038,11084,11085,11086,11155,11156,11159,11160,11196,11197,11318,11319,11369,11370,11471,11472,11473,11476,11477,11478,11479,11480,11481,11483,11844,11845,12081,12082,12106,12107,12459,12497,12602,12686,12687,12743,12744,12801,12802,12828,12920,13045,13046,13050,13051,13052,13053,13241,13307,13320,13321,13322,13323,13403,13404,13405,13406,13407,13420,13454,13455,13456,13457,13489,13490,13572,13575,13576,13581,13582,13583,13584,13586,13587,13588,13589,13590,13591,13593,13594,13595,13596,13597,13598,13599,13600,13601,13602,13603,13604,13620,13621,13622,13623,13624,13625,13626,13627,13628,13629,13630,13631,13632,13634,13635,13636,13638,13639,13640,13642,13643,13644,13646,13647,13648,13649,13650,13651,13652,13653,13654,13655,13656,13657,13658,13659,13660,13661,13662,13663,13664,13665,13666,13667,13668,13716,13717,13718,13719,13720,13805,13806,13896,13897,13907,13908,14010,14011,14027,14028,14162,14163,14224,14225,14226,14227,14228,14229,14230,14231,14232,14233,14234,14235,14236,14237,14238,14239,14240,14241,14242,14243,14244,14245,14246,14247,14248,14249,14250,14251,14252,14253,14318,14319,14350,14351,14563,14564,15027,15028,15029,15088,15128,15129,15189,15354,15355,15595,15596,15682,15683,15684,15685,15686,15687,15688,15689,15690,15691,15692,15745,15746,15747,15748,15756,15757,15849,15850,15888,15889,16017,16018,16099,16153,16154,16192,16193,16270,16271,16273,16274,16388,16389,16390,16462,16557,16558,16608,16753,16754,17002,17172,17285,17286,17342,17345,17346,17379,17392,17393,17454,17460,17461,17543,17587,17984,17985,17986,17992,18018,18019,18020,18036,18037,18038,18093,18094,18385,18386,18401,18402,18407,18408,18476,18477,18554,18555,18582,18583,18584,18755,18756,18823,18824,18879,18901,18902,18903,18904,18905,18906,18907,18908,18909,18910,18911,18912,18913,18914,18915,19025,19067,19068,19096,19097,19104,19131,19132,19177,19205,19257,19258,19259,19339,19389,19390,19525,19526,19527,19528,19529,19799,19800,19896,19897,19898,19899,19938,19939,19948,19949,19987,19988,19990,19991,19994,19995,20032,20129,20130,20131,20132,20133,20134,20135,20136,20137,20138,20139,20140,20141,20142,20143,20144,20145,20146,20147,20148,20149,20150,20151,20152,20153,20154,20155,20156,20157,20158,20341,20342,20343,20363,20367,20368,20369,20370,20371,20372,20373,20374,20375,20376,20377,20378,20379,20380,20386,20387,20388,20389,20390,20391,20392,20393,20394,20395,20396,20397,20398,20399,20400,20401,20484,20508,20509,20649,20650,20668,20671,20672,20673,20674,20676,20677,20679,20680,20681,20682,20683,20684,20689,20690,20692,20693,20694,20697,20698,20720,20721,20722,20723,20724,20725,20726,20727,20728,20733,20734,20735,20739,20740,20744,20745,20751,20752,20753,20754,20755,20756,20757,20758,20759,20760,20761,20762,20763,20764,20765,20767,20768,20769,20778,20779,20780,20781,20782,20791,20794,20795,20797,20798,20817,20818,20826,20827,20828,20829,20835,20836,20837,20838,20839,20841,20842,20843,20844,20845,20846,20847,20848,20849,20974,20975,21027,21028,21029,21032,21033,21034,21035,21036,21037,21097,21098,21099,21100,21101,21102,21103,21104,21105,21106,21111,21112,21113,21114,21115,21116,21117,21118,21125,21126,21127,21236,21237,21238,21273,21274,21335,21336,21337,21404,21477,21478,21600,21610,21611,21627,21628,21629,21630,21631,21632,21633,21634,21652,21887,21888,21889,21890,21927,21928,21929,21930,22004,22005,22007,22008,22009,22010,22047,22048,22049,22050,22051,22052,22134,22135,22136,22142,22143,22144,22145,22146,22147,22148,22149,22150,22151,22152,22153,22154,22155,22156,22157,22158,22159,22160,22161,22162,22163,22164,22165,22166,22167,22168,22169,22170,22171,22172,22173,22174,22175,22176,22177,

14	
14	
14	89,90,290,291,393,501,502,503,504,585,586,790,791,792,793,794,805,1187,1188,1219,1305,1415,1416,1417,1426,1427,1511,1512,1513,1586,1587,1702,1716,1875,1876,1877,1932,1933,1977,1978,1996,1997,1998,1999,2005,2006,2070,2071,2072,2132,2133,2144,2145,2152,2153,2223,2259,2490,2491,2495,2496,2509,2697,2698,2708,2709,2710,2711,2712,2713,3025,3026,3124,3350,3433,3588,3589,3738,3756,3757,3765,3769,3770,3833,3834,3884,3885,3886,3887,3888,3889,3890,3929,3942,3943,3944,3945,3946,3947,3948,3949,3950,3951,3952,3953,3954,3955,3956,3961,3962,3963,3964,3965,3966,3967,3968,3969,3970,4063,4064,4377,4378,4406,4408,4451,4452,4530,4531,4532,4533,4537,4538,4539,4540,4648,4649,4731,4732,4733,4734,4735,4736,4737,4738,4739,4740,4741,4742,4743,4749,4750,4751,4752,4753,4754,4755,4771,4772,4818,4819,4913,4914,4915,4916,4917,4918,5020,5021,5022,5100,5121,5122,5211,5212,5222,5223,5241,5242,5381,5409,5410,5430,5431,5458,5459,5494,5495,5496,5497,5498,5736,5967,5968,6022,6023,6024,6025,6026,6027,6028,6029,6030,6031,6032,6033,6034,6158,6159,6357,6533,6534,6535,6537,6538,6543,6544,6545,6546,6587,6588,6700,6701,6857,6858,6867,6868,6941,6942,6973,7102,7103,7133,7134,7135,7136,7191,7192,7374,7375,7376,7447,7453,7454,7455,7456,7457,7458,7459,7486,7487,7496,7497,7498,7499,7761,7762,7763,7867,7868,7882,7883,7954,7955,7956,7957,7958,7959,7960,7961,8007,8008,8009,8010,8011,8012,8013,8297,8298,8299,8300,8431,8432,8438,8439,8700,8701,8851,8991,8992,8997,8998,9009,9010,9012,9013,9014,9016,9017,9018,9019,9020,9021,9030,9031,9032,9324,9325,9727,9728,9748,9749,9832,9833,9852,9853,9854,9916,9917,10028,10101,10102,10320,10321,10322,10323,10324,10325,10326,10327,10328,10329,10330,10331,10332,10561,10562,10607,10715,10716,10717,10718,10719,10720,10721,10765,10766,10767,10768,10769,10770,10799,10800,10805,10903,10904,10943,10965,10966,10998,11037,11038,11084,11085,11086,11155,11156,11159,11160,11196,11197,11318,11319,11369,11370,11471,11472,11473,11476,11477,11478,11479,11480,11481,11483,11844,11845,12081,12082,12106,12107,12459,12497,12602,12686,12687,12743,12744,12828,12920,13045,13046,13050,13051,13052,13053,13241,13307,13320,13321,13322,13323,13403,13404,13405,13406,13407,13420,13454,13455,13456,13457,13489,13490,13572,13575,13576,13581,13582,13583,13584,13586,13587,13588,13589,13590,13591,13593,13594,13595,13596,13597,13598,13599,13600,13601,13602,13603,13604,13620,13621,13622,13623,13624,13625,13626,13627,13628,13629,13630,13631,13632,13634,13635,13636,13638,13639,13640,13642,13643,13644,13646,13647,13648,13649,13650,13651,13652,13653,13654,13655,13656,13657,13658,13659,13660,13661,13662,13663,13664,13665,13666,13667,13668,13716,13717,13718,13719,13720,13805,13806,13896,13897,13907,13908,14010,14011,14162,14163,14224,14225,14226,14227,14228,14229,14230,14231,14232,14233,14234,14235,14236,14237,14238,14239,14240,14241,14242,14243,14244,14245,14246,14247,14248,14249,14250,14251,14252,14253,14318,14319,14350,14351,14563,14564,15028,15029,15088,15128,15129,15189,15354,15355,15595,15596,15682,15683,15684,15685,15686,15687,15688,15689,15690,15691,15692,15745,15746,15747,15748,15756,15757,15849,15850,15888,15889,16017,16018,16099,16153,16154,16192,16193,16270,16271,16273,16274,16388,16389,16390,16462,16557,16558,16608,16753,16754,17172,17285,17286,17342,17392,17393,17454,17460,17461,17587,17984,17985,17992,18018,18036,18037,18038,18093,18094,18385,18386,18401,18402,18476,18477,18554,18555,18582,18583,18584,18755,18756,18823,18824,18879,18901,18902,18903,18904,18905,18906,18907,18908,18909,18910,18911,18912,18913,18914,18915,19025,19096,19097,19131,19132,19177,19205,19339,19389,19390,19525,19526,19527,19528,19529,19896,19897,19898,19899,19938,19939,19948,19949,19987,19988,19990,19991,19994,19995,20032,20129,20130,20131,20132,20133,20134,20135,20136,20137,20138,20139,20140,20141,20142,20143,20144,20145,20146,20147,20148,20149,20150,20151,20152,20153,20154,20155,20156,20157,20158,20341,20342,20343,20363,20367,20368,20369,20370,20371,20372,20373,20374,20375,20376,20377,20378,20379,20380,20386,20387,20388,20389,20390,20391,20392,20393,20394,20395,20396,20397,20398,20399,20400,20401,20484,20508,20509,20649,20650,20668,20671,20672,20673,20674,20676,20677,20679,20680,20681,20682,20683,20684,20689,20690,20692,20693,20694,20697,20698,20720,20721,20722,20723,20724,20725,20726,20727,20728,20733,20734,20735,20739,20740,20744,20745,20751,20752,20753,20754,20755,20756,20757,20758,20759,20760,20761,20762,20763,20764,20765,20767,20768,20769,20778,20779,20780,20781,20782,20791,20794,20795,20797,20798,20817,20818,20826,20827,20828,20829,20835,20836,20837,20838,20839,20841,20842,20843,20844,20845,20846,20847,20848,20849,20974,20975,21027,21028,21029,21032,21033,21034,21035,21036,21037,21097,21098,21099,21100,21101,21102,21103,21104,21105,21106,21111,21112,21113,21114,21115,21116,21117,21118,21125,21126,21127,21236,21237,21238,21273,21274,21335,21336,21337,21404,21477,21478,21600,21610,21611,21627,21628,21629,21630,21631,21632,21633,21634,21652,21887,21888,21889,21890,21927,21928,21929,21930,22004,22005,22007,22008,22009,22010,22047,22048,22049,22050,22051,22052,22134,22135,22136,22142,22143,22144,22145,22146,22147,22148,22149,22150,22151,22152,22153,22154,22155,22156,22157,22158,22159,22160,22161,22162,22163,22164,22165,22166,22167,22168,22169,22170,22171,22172,22173,22174,22175,22176,22177,

12	
12	
12	89,90,290,291,501,502,503,504,585,586,790,791,792,793,794,805,1187,1188,1219,1305,1415,1416,1417,1426,1427,1511,1512,1513,1586,1587,1702,1716,1875,1876,1877,1932,1933,1977,1978,1996,1997,1998,1999,2005,2006,2070,2071,2072,2132,2133,2144,2145,2152,2153,2259,2490,2491,2495,2496,2509,2697,2698,2710,2711,2712,2713,3025,3026,3350,3588,3589,3738,3756,3757,3765,3769,3770,3833,3834,3884,3885,3886,3887,3888,3889,3890,3929,3942,3943,3944,3945,3946,3947,3948,3949,3950,3951,3952,3953,3954,3955,3956,3961,3962,3963,3964,3965,3966,3967,3968,3969,3970,4063,4064,4377,4378,4408,4530,4531,4532,4533,4537,4538,4539,4540,4648,4649,4731,4732,4733,4734,4735,4736,4737,4738,4739,4740,4741,4742,4743,4771,4772,4818,4819,4913,4914,4915,4916,4917,4918,5020,5021,5022,5100,5121,5122,5211,5212,5222,5223,5241,5242,5381,5409,5410,5430,5431,5458,5459,5494,5495,5496,5497,5498,5736,5967,5968,6022,6023,6024,6025,6026,6027,6028,6029,6030,6031,6032,6033,6034,6158,6159,6533,6534,6535,6537,6538,6543,6544,6545,6546,6587,6588,6700,6701,6857,6858,6941,6942,6973,7133,7134,7135,7136,7191,7192,7374,7375,7376,7447,7486,7487,7496,7497,7498,7499,7761,7762,7763,7867,7868,7882,7883,7954,7955,7956,7957,7958,7959,7960,7961,8010,8011,8012,8013,8297,8298,8299,8300,8431,8432,8438,8439,8700,8701,8851,8991,8992,8997,8998,9009,9010,9012,9013,9014,9016,9017,9018,9019,9020,9021,9030,9031,9032,9324,9325,9727,9728,9748,9749,9832,9833,9852,9853,9854,9916,9917,10028,10101,10102,10320,10321,10322,10323,10324,10325,10326,10327,10328,10329,10330,10331,10332,10561,10562,10607,10715,10716,10717,10718,10719,10720,10721,10765,10766,10767,10768,10769,10770,10799,10800,10805,10903,10904,10943,10965,10966,10998,11037,11038,11084,11085,11086,11155,11156,11159,11160,11196,11197,11369,11370,11483,11844,11845,12081,12082,12459,12497,12602,12686,12687,12743,12744,12828,12920,13045,13046,13050,13051,13052,13053,13241,13307,13320,13321,13322,13323,13403,13404,13405,13406,13407,13420,13454,13455,13456,13457,13489,13490,13572,13575,13576,13581,13582,13583,13584,13586,13587,13588,13589,13590,13591,13593,13594,13595,13596,13597,13598,13599,13600,13601,13602,13603,13604,13620,13621,13622,13623,13624,13625,13626,13627,13628,13629,13630,13631,13632,13634,13635,13636,13638,13639,13640,13642,13643,13644,13646,13647,13648,13649,13650,13651,13652,13653,13654,13655,13656,13657,13658,13659,13660,13661,13662,13663,13664,13665,13666,13667,13668,13716,13717,13718,13719,13720,13805,13806,13896,13897,13907,13908,14010,14011,14162,14163,14224,14225,14226,14227,14228,14229,14230,14231,14232,14233,14234,14235,14236,14237,14238,14239,14240,14241,14242,14243,14244,14245,14246,14247,14248,14249,14250,14251,14252,14253,14318,14319,14350,14351,14563,14564,15028,15029,15088,15128,15129,15189,15354,15355,15595,15596,15682,15683,15684,15685,15686,15687,15688,15689,15690,15691,15692,15745,15746,15747,15748,15756,15757,15849,15850,15888,15889,16099,16153,16154,16192,16193,16270,16271,16273,16274,16388,16389,16390,16462,16608,16753,16754,17172,17285,17286,17342,17392,17393,17454,18018,18036,18037,18038,18093,18094,18385,18386,18401,18402,18476,18477,18554,18555,18582,18583,18584,18823,18824,18879,18901,18902,18903,18904,18905,18906,18907,18908,18909,18910,18911,18912,18913,18914,18915,19025,19096,19097,19131,19132,19205,19339,19389,19390,19525,19526,19527,19528,19529,19896,19897,19898,19899,19938,19939,19948,19949,19987,19988,19990,19991,19994,19995,20129,20130,20131,20132,20133,20134,20135,20136,20137,20138,20139,20140,20141,20142,20143,20144,20145,20146,20147,20148,20149,20150,20151,20152,20153,20154,20155,20156,20157,20158,20341,20342,20343,20363,20367,20368,20369,20370,20371,20372,20373,20374,20375,20376,20377,20378,20379,20380,20386,20387,20388,20389,20390,20391,20392,20393,20394,20395,20396,20397,20398,20399,20400,20401,20484,20508,20509,20649,20650,20668,20671,20672,20673,20674,20676,20677,20679,20680,20681,20682,20683,20684,20689,20690,20692,20693,20694,20697,20698,20720,20721,20722,20723,20724,20725,20726,20727,20728,20733,20734,20735,20739,20740,20744,20745,20751,20752,20753,20754,20755,20756,20757,20758,20759,20760,20761,20762,20763,20764,20765,20767,20768,20769,20778,20779,20780,20781,20782,20791,20794,20795,20797,20798,20817,20818,20826,20827,20828,20829,20835,20836,20837,20838,20839,20841,20842,20843,20844,20845,20846,20847,20848,20849,20974,20975,21027,21028,21029,21032,21033,21034,21035,21036,21037,21097,21098,21099,21100,21101,21102,21103,21104,21105,21106,21111,21112,21113,21114,21115,21116,21117,21118,21125,21126,21127,21236,21237,21238,21273,21274,21335,21336,21337,21404,21477,21478,21610,21611,21627,21628,21629,21630,21631,21632,21633,21634,21652,21887,21888,21889,21890,21927,21928,21929,21930,22004,22005,22007,22008,22009,22010,22047,22048,22049,22050,22051,22052,22134,22135,22136,22142,22143,22144,22145,22146,22147,22148,22149,22150,22151,22152,22153,22154,22155,22156,22157,22158,22159,22160,22161,22162,22163,22164,22165,22166,22167,22168,22169,22170,22171,22172,22173,22174,22175,22176,22177,

10	
10	
10	89,90,290,291,501,502,503,504,585,586,790,791,792,793,794,1187,1188,1219,1305,1416,1417,1426,1427,1511,1512,1513,1586,1587,1702,1716,1875,1876,1877,1932,1933,2070,2071,2072,2259,2490,2491,2495,2496,2509,2710,2711,2712,2713,3350,3588,3589,3738,3756,3757,3765,3769,3770,3833,3834,3884,3885,3886,3887,3888,3889,3890,3929,3942,3943,3944,3945,3946,3947,3948,3949,3950,3951,3952,3953,3954,3955,3956,3961,3962,3963,3964,3965,3966,3967,3968,3969,3970,4063,4064,4377,4378,4530,4531,4532,4533,4537,4538,4648,4649,4731,4732,4733,4734,4735,4736,4737,4738,4739,4740,4741,4742,4743,4818,4819,4913,4914,4915,4916,5020,5021,5022,5100,5121,5122,5409,5410,5430,5431,5458,5459,5494,5495,5496,5497,5498,5736,5967,5968,6022,6023,6024,6025,6026,6027,6028,6029,6030,6031,6032,6033,6034,6158,6159,6533,6534,6535,6537,6538,6543,6544,6545,6546,6587,6588,6700,6701,6857,6858,6941,6942,6973,7133,7134,7135,7136,7191,7192,7374,7375,7376,7447,7496,7497,7498,7499,7763,7867,7868,7882,7883,7954,7955,7956,7957,7958,7959,7960,7961,8010,8011,8012,8013,8297,8298,8299,8300,8431,8432,8851,8991,8992,8997,8998,9009,9010,9016,9017,9018,9019,9020,9021,9030,9031,9032,9324,9325,9727,9728,9748,9749,9832,9833,9852,9916,9917,10028,10101,10102,10320,10321,10322,10323,10324,10325,10326,10327,10328,10329,10330,10331,10332,10607,10716,10717,10718,10719,10720,10721,10799,10800,10903,10904,10965,10966,10998,11037,11038,11084,11085,11086,11155,11156,11159,11160,11196,11197,11369,11370,11483,11844,11845,12081,12082,12459,12497,12602,12686,12687,12920,13045,13046,13050,13051,13052,13053,13241,13307,13320,13321,13322,13323,13403,13404,13405,13406,13407,13420,13454,13455,13456,13457,13489,13490,13572,13575,13576,13581,13582,13586,13588,13590,13591,13593,13594,13597,13598,13599,13601,13602,13604,13620,13621,13622,13623,13625,13627,13629,13630,13634,13638,13639,13642,13643,13646,13647,13648,13649,13650,13651,13652,13653,13654,13655,13656,13657,13658,13659,13660,13661,13662,13663,13664,13665,13666,13667,13668,13716,13717,13718,13719,13720,13805,13806,13896,13897,13907,13908,14010,14011,14224,14225,14226,14227,14228,14229,14230,14231,14232,14233,14234,14235,14236,14237,14238,14239,14240,14241,14242,14243,14244,14245,14246,14247,14248,14249,14250,14251,14252,14253,14318,14319,14350,14351,14563,14564,15028,15029,15088,15128,15129,15189,15354,15355,15682,15683,15684,15685,15686,15687,15688,15689,15690,15691,15692,15756,15757,15849,15850,15888,15889,16153,16154,16192,16193,16270,16271,16273,16274,16462,16608,16753,16754,17172,17285,17286,17342,17392,17393,17454,18018,18036,18037,18038,18093,18094,18385,18386,18401,18402,18476,18477,18554,18555,18582,18583,18584,18879,18901,18902,18903,18904,18905,18906,18907,18908,18909,18910,18911,18912,18913,18914,18915,19025,19096,19097,19205,19339,19525,19526,19527,19528,19529,19898,19899,19938,19939,19948,19949,19987,19988,19990,19991,19994,19995,20129,20130,20131,20132,20133,20134,20135,20136,20137,20138,20139,20140,20141,20142,20143,20144,20145,20146,20147,20148,20149,20150,20151,20152,20153,20154,20155,20156,20157,20158,20341,20342,20343,20363,20367,20368,20369,20370,20371,20372,20373,20374,20375,20376,20377,20378,20379,20380,20386,20387,20388,20389,20390,20391,20392,20393,20394,20395,20396,20397,20398,20399,20400,20401,20484,20508,20509,20649,20650,20668,20671,20672,20673,20674,20676,20677,20679,20680,20681,20682,20683,20684,20689,20690,20692,20693,20694,20697,20698,20720,20721,20722,20723,20724,20725,20726,20727,20728,20733,20734,20735,20739,20740,20744,20745,20751,20752,20753,20754,20755,20756,20757,20758,20759,20760,20761,20762,20763,20764,20765,20767,20768,20769,20778,20779,20780,20781,20782,20791,20794,20795,20797,20798,20817,20818,20826,20827,20828,20829,20835,20836,20837,20838,20839,20841,20842,20843,20844,20845,20846,20847,20848,20849,20974,20975,21027,21028,21029,21032,21033,21034,21035,21036,21037,21097,21098,21099,21100,21101,21102,21103,21104,21105,21106,21111,21112,21113,21114,21115,21116,21117,21118,21125,21126,21127,21236,21237,21238,21273,21274,21335,21336,21337,21477,21478,21610,21611,21627,21628,21629,21630,21631,21632,21633,21634,21652,21887,21888,21889,21890,21927,21928,21929,21930,22047,22048,22049,22050,22051,22052,22134,22135,22136,22142,22143,22144,22145,22146,22147,22148,22149,22150,22151,22152,22153,22154,22155,22156,22157,22158,22159,22160,22161,22162,22163,22164,22165,22166,22167,22168,22169,22170,22171,22172,22173,22174,22175,22176,22177,

8	
8	
8	89,90,290,291,501,502,503,504,585,586,790,791,792,793,794,1187,1188,1219,1305,1416,1417,1426,1427,1511,1512,1513,1586,1587,1702,1875,1876,1877,1932,1933,2070,2071,2072,2259,2490,2491,2495,2496,2509,2710,2711,2712,2713,3350,3588,3589,3738,3756,3757,3765,3769,3770,3884,3885,3886,3887,3888,3889,3890,3929,3942,3943,3944,3945,3946,3947,3948,3949,3950,3951,3952,3953,3954,3955,3956,3961,3962,3963,3964,3965,3966,3967,3968,3969,3970,4063,4064,4377,4378,4530,4531,4532,4533,4648,4649,4731,4732,4733,4734,4735,4736,4737,4738,4739,4740,4741,4742,4743,4818,4819,4915,4916,5021,5022,5100,5121,5122,5409,5410,5430,5431,5458,5459,5494,5495,5496,5497,5498,5967,5968,6022,6023,6024,6025,6026,6027,6028,6029,6030,6031,6032,6033,6034,6533,6534,6535,6537,6538,6543,6544,6545,6546,6587,6588,6700,6701,6857,6858,6941,6942,6973,7133,7134,7135,7136,7191,7192,7374,7375,7376,7447,7496,7497,7498,7499,7763,7867,7868,7882,7883,7954,7955,7956,7957,7958,7959,7960,7961,8010,8011,8012,8013,8297,8298,8431,8432,8851,8991,8992,8997,8998,9009,9010,9016,9017,9018,9019,9020,9021,9030,9031,9032,9324,9325,9727,9728,9748,9749,9852,9916,9917,10101,10102,10320,10321,10322,10323,10324,10325,10326,10327,10328,10329,10330,10331,10332,10607,10716,10717,10718,10719,10799,10800,10903,10904,10965,10966,11037,11038,11084,11085,11086,11155,11156,11159,11160,11196,11197,11369,11370,11483,11844,11845,12081,12082,12497,12602,12686,12687,12920,13045,13046,13050,13051,13241,13307,13320,13321,13322,13323,13403,13404,13405,13406,13407,13420,13454,13455,13489,13490,13575,13576,13581,13582,13586,13588,13590,13591,13593,13594,13597,13598,13599,13601,13602,13604,13620,13621,13622,13623,13625,13627,13629,13630,13634,13638,13639,13642,13643,13646,13647,13648,13649,13650,13651,13652,13653,13654,13655,13656,13657,13658,13659,13660,13661,13662,13663,13664,13665,13666,13667,13668,13716,13717,13718,13719,13720,13805,13806,13896,13897,13907,13908,14224,14225,14226,14227,14228,14229,14230,14231,14232,14233,14234,14235,14236,14237,14238,14239,14240,14241,14242,14243,14244,14245,14246,14247,14248,14249,14250,14251,14252,14253,14318,14319,14350,14351,15028,15029,15088,15128,15129,15189,15354,15355,15682,15683,15684,15685,15686,15687,15688,15689,15690,15691,15692,15756,15757,15849,15850,15888,15889,16153,16154,16192,16193,16270,16271,16462,16608,16753,16754,17172,17285,17286,17392,17393,18018,18036,18037,18038,18093,18094,18385,18386,18476,18477,18554,18555,18582,18583,18584,18879,18901,18902,18903,18904,18905,18906,18907,18908,18909,18910,18911,18912,18913,18914,18915,19025,19096,19097,19205,19339,19525,19526,19527,19528,19529,19898,19899,19938,19939,19948,19949,19987,19988,19994,19995,20129,20130,20131,20132,20133,20134,20135,20136,20137,20138,20139,20140,20141,20142,20143,20144,20145,20146,20147,20148,20149,20150,20151,20152,20153,20154,20155,20156,20157,20158,20341,20342,20343,20363,20367,20368,20369,20370,20371,20372,20373,20374,20375,20376,20377,20378,20379,20380,20386,20387,20388,20389,20390,20391,20392,20393,20394,20395,20396,20397,20398,20399,20400,20401,20649,20650,20668,20671,20672,20673,20674,20676,20677,20679,20680,20681,20682,20683,20684,20689,20690,20692,20693,20694,20697,20698,20720,20721,20722,20723,20724,20725,20726,20727,20728,20733,20734,20735,20739,20740,20744,20745,20751,20752,20753,20754,20755,20756,20757,20758,20759,20760,20761,20762,20763,20764,20765,20767,20768,20769,20778,20779,20780,20781,20782,20791,20794,20795,20797,20798,20817,20818,20826,20827,20828,20829,20835,20836,20837,20838,20839,20841,20842,20843,20844,20845,20846,20847,20848,20849,20974,20975,21027,21028,21029,21032,21033,21034,21035,21036,21037,21097,21098,21099,21100,21101,21102,21103,21104,21105,21106,21111,21112,21113,21114,21115,21116,21117,21118,21125,21126,21127,21236,21237,21238,21273,21274,21335,21336,21477,21478,21610,21611,21627,21628,21629,21630,21631,21632,21633,21634,21887,21888,21889,21890,21927,21928,21929,21930,22047,22048,22049,22050,22051,22052,22134,22135,22136,22142,22143,22144,22145,22146,22147,22148,22149,22150,22151,22152,22153,22154,22155,22156,22157,22158,22159,22160,22161,22162,22163,22164,22165,22166,22167,22168,22169,22170,22171,22172,22173,22174,22175,22176,22177,

6	
6	
6	89,90,290,291,501,502,503,504,585,586,790,791,792,793,794,1187,1188,1219,1305,1416,1417,1426,1427,1511,1512,1513,1586,1587,1702,1875,1876,1877,1932,1933,2070,2071,2072,2509,2710,2711,2712,2713,3350,3588,3589,3738,3756,3757,3765,3769,3770,3884,3885,3886,3887,3888,3889,3890,3942,3943,3944,3945,3946,3947,3948,3949,3950,3961,3962,3963,3964,3965,3966,3967,3968,3969,3970,4377,4378,4648,4649,4731,4732,4733,4734,4735,4736,4737,4738,4739,4740,4741,4742,4743,4818,4819,4915,4916,5100,5121,5122,5458,5459,5967,5968,6022,6023,6024,6025,6026,6027,6028,6029,6030,6031,6032,6033,6034,6587,6588,6700,6701,6941,6942,6973,7133,7134,7135,7136,7374,7375,7376,7496,7497,7498,7499,7763,7867,7868,7882,7883,7954,7955,7956,7957,7958,7959,7960,7961,8010,8011,8012,8013,8297,8298,8851,8997,8998,9009,9010,9016,9017,9018,9019,9020,9021,9030,9031,9032,9324,9325,9727,9728,9748,9749,9916,9917,10101,10102,10320,10321,10322,10323,10324,10325,10326,10327,10328,10329,10330,10331,10332,10607,10716,10717,10718,10719,10799,10800,10903,10904,10965,10966,11084,11085,11086,11155,11156,11196,11197,11369,11370,11483,11844,11845,12081,12082,12497,12602,12686,12687,13045,13046,13050,13051,13241,13307,13320,13321,13322,13323,13403,13404,13405,13406,13407,13420,13454,13455,13489,13490,13581,13582,13586,13588,13590,13591,13593,13594,13597,13598,13599,13601,13602,13604,13620,13621,13622,13623,13625,13627,13629,13630,13634,13638,13639,13642,13643,13646,13647,13648,13649,13650,13651,13652,13653,13654,13655,13656,13657,13658,13659,13660,13661,13662,13663,13664,13665,13666,13667,13668,13716,13717,13718,13719,13720,13896,13897,14224,14225,14226,14227,14228,14229,14230,14231,14232,14233,14234,14235,14236,14237,14238,14239,14240,14241,14242,14243,14244,14245,14246,14247,14248,14249,14250,14251,14252,14253,14318,14319,14350,14351,15028,15029,15088,15128,15129,15189,15682,15683,15684,15685,15686,15687,15688,15689,15690,15691,15692,15756,15757,15849,15850,15888,15889,16153,16154,16192,16193,16270,16271,16608,16753,16754,17172,17285,17286,17392,17393,18036,18037,18385,18386,18476,18477,18554,18555,18582,18583,18584,18901,18902,18903,18904,18905,18906,18907,18908,18909,18910,18911,18912,18913,18914,18915,19025,19096,19097,19205,19525,19526,19527,19528,19529,19898,19899,19987,19988,19994,19995,20129,20130,20131,20132,20133,20134,20135,20136,20137,20138,20139,20140,20141,20142,20143,20144,20145,20146,20147,20148,20149,20150,20151,20152,20153,20154,20155,20156,20157,20158,20341,20342,20343,20363,20367,20368,20369,20370,20371,20372,20373,20374,20375,20376,20377,20378,20379,20380,20386,20387,20388,20389,20390,20391,20392,20393,20394,20395,20396,20397,20398,20399,20400,20401,20668,20671,20672,20673,20674,20676,20677,20679,20680,20681,20682,20683,20684,20689,20690,20692,20693,20694,20697,20698,20720,20721,20722,20723,20724,20725,20726,20727,20728,20733,20734,20735,20739,20740,20744,20745,20751,20752,20753,20754,20755,20756,20757,20758,20759,20760,20761,20762,20763,20764,20765,20767,20768,20769,20778,20779,20780,20781,20782,20791,20794,20795,20797,20798,20817,20818,20826,20827,20828,20829,20835,20836,20837,20838,20839,20841,20842,20843,20844,20845,20846,20847,20848,20849,20974,20975,21027,21028,21029,21032,21033,21034,21035,21036,21037,21097,21098,21099,21100,21101,21102,21103,21104,21105,21106,21111,21112,21113,21114,21115,21116,21117,21118,21125,21126,21127,21273,21274,21477,21478,21610,21611,21627,21628,21629,21630,21631,21632,21633,21634,21887,21888,21889,21890,21927,21928,21929,21930,22047,22048,22049,22050,22051,22052,22134,22135,22136,22142,22143,22144,22145,22146,22147,22148,22149,22150,22151,22152,22153,22154,22155,22156,22157,22158,22159,22160,22161,22162,22163,22164,22165,22166,22167,22168,22169,22170,22171,22172,22173,22174,22175,22176,22177,

4	
4	
4	501,502,503,504,790,791,792,793,794,1187,1188,1219,1305,1416,1417,1511,1586,1587,1702,1875,1876,1877,2070,2509,2710,2711,2712,2713,3588,3589,3738,3756,3757,3765,3769,3770,3884,3885,3886,3887,3888,3889,3890,3942,3943,3944,3945,3946,3947,3948,3949,3950,3961,3962,3963,3964,3965,3966,3967,3968,3969,3970,4377,4378,4648,4649,4731,4732,4733,4734,4735,4736,4737,4738,4739,4740,4741,4742,4743,4915,4916,5458,5459,5967,5968,6022,6023,6024,6025,6026,6027,6028,6029,6030,6031,6032,6033,6034,6700,6701,6941,6942,6973,7133,7134,7374,7375,7376,7496,7497,7498,7499,7763,7867,7868,7882,7883,7954,7955,7956,7957,7958,7959,7960,7961,8010,8011,8012,8013,8297,8298,8997,8998,9009,9010,9016,9017,9018,9019,9020,9021,9032,9324,9325,9727,9728,9916,9917,10101,10102,10320,10321,10322,10323,10324,10325,10326,10327,10328,10329,10330,10331,10332,10607,10716,10717,10718,10719,10799,10800,10903,10904,10965,10966,11084,11085,11086,11369,11370,11483,11844,11845,12081,12082,12497,12602,13045,13046,13241,13307,13320,13321,13322,13323,13403,13404,13405,13406,13407,13420,13454,13455,13489,13490,13581,13582,13586,13588,13590,13591,13593,13594,13597,13598,13599,13601,13602,13604,13620,13621,13622,13623,13625,13627,13629,13630,13634,13638,13639,13642,13643,13646,13647,13648,13649,13650,13651,13652,13653,13654,13655,13656,13657,13658,13659,13660,13661,13662,13663,13664,13665,13666,13667,13668,13716,13717,13718,13719,13720,13896,13897,14224,14225,14226,14227,14228,14229,14230,14231,14232,14233,14234,14235,14236,14237,14238,14239,14240,14241,14242,14243,14244,14245,14246,14247,14248,14249,14250,14251,14252,14253,14350,14351,15682,15683,15684,15685,15686,15687,15688,15689,15690,15691,15692,15756,15757,15888,15889,16270,16271,16608,16753,16754,17172,17285,17286,17392,17393,18036,18037,18385,18386,18476,18477,18901,18902,18903,18904,18905,18906,18907,18908,18909,18910,18911,18912,18913,18914,18915,19525,19526,19527,19528,19529,19898,19899,19987,19988,19994,19995,20129,20130,20131,20132,20133,20134,20135,20136,20137,20138,20139,20140,20141,20142,20143,20144,20145,20146,20147,20148,20149,20150,20151,20152,20153,20154,20155,20156,20157,20158,20341,20342,20343,20363,20367,20368,20369,20370,20371,20372,20373,20374,20375,20376,20377,20378,20379,20380,20386,20387,20388,20389,20390,20391,20392,20393,20394,20395,20396,20397,20398,20399,20400,20401,20668,20671,20672,20673,20674,20676,20677,20679,20680,20681,20682,20683,20684,20689,20690,20692,20693,20694,20697,20698,20720,20721,20722,20723,20724,20725,20726,20727,20728,20733,20734,20735,20739,20740,20744,20745,20751,20752,20753,20754,20755,20756,20757,20758,20759,20760,20761,20762,20763,20764,20765,20767,20768,20769,20778,20779,20780,20781,20782,20791,20794,20795,20797,20798,20817,20818,20826,20827,20828,20829,20835,20836,20837,20838,20839,20841,20842,20843,20844,20845,20846,20847,20848,20849,20974,20975,21027,21028,21029,21032,21033,21034,21035,21036,21037,21097,21098,21099,21100,21101,21102,21103,21104,21105,21106,21111,21112,21113,21114,21115,21116,21117,21118,21125,21126,21127,21273,21274,21477,21478,21610,21611,21887,21888,21889,21890,21927,21928,21929,21930,22047,22048,22049,22050,22051,22052,22134,22135,22136,22142,22143,22144,22145,22146,22147,22148,22149,22150,22151,22152,22153,22154,22155,22156,22157,22158,22159,22160,22161,22162,22163,22164,22165,22166,22167,22168,22169,22170,22171,22172,22173,22174,22175,22176,22177,

2	
2	
2	1187,1188,1305,1586,1587,1875,1876,1877,2710,2711,3588,3589,3884,3885,3886,3887,3888,3889,3890,3942,3943,3944,3945,3946,3947,3961,3962,3963,3964,3965,3966,4377,4378,4648,4649,4731,4732,4733,4734,4735,4736,4737,4738,4739,4740,4741,4742,4743,5458,5459,6022,6023,6024,6025,6026,6027,6028,6029,6030,6031,6032,6033,6034,7133,7134,7374,7375,7376,7498,7499,7867,7868,7954,7955,7956,7957,7958,7959,7960,7961,8297,8298,9016,9017,9018,9019,9020,9021,9032,9727,9728,10320,10321,10322,10323,10324,10325,10326,10327,10328,10329,10330,10331,10332,10716,10717,10799,10800,10903,10904,10965,10966,11084,11085,11086,12081,12082,13045,13046,13241,13403,13404,13405,13406,13407,13489,13490,13581,13582,13586,13588,13590,13591,13593,13594,13597,13598,13599,13601,13602,13604,13620,13621,13622,13623,13625,13627,13629,13630,13634,13638,13639,13642,13643,13646,13647,13648,13649,13650,13651,13652,13653,13654,13655,13656,13657,13658,13659,13660,13661,13662,13663,13664,13665,13666,13667,13668,13716,13717,13718,13719,13720,13896,13897,14224,14225,14226,14227,14228,14229,14230,14231,14232,14233,14234,14235,14236,14237,14238,14239,14240,14241,14242,14243,14244,14245,14246,14247,14248,14249,14250,14251,14252,14253,14350,14351,15682,15683,15684,15685,15686,15687,15688,15689,15690,15691,15692,15756,15757,15888,15889,16608,16753,16754,17285,17286,17392,17393,18036,18037,18476,18477,18901,18902,18903,18904,18905,18906,18907,18908,18909,18910,18911,18912,18913,18914,18915,19525,19526,19527,19528,19529,19994,19995,20129,20130,20131,20132,20133,20134,20135,20136,20137,20138,20139,20140,20141,20142,20143,20144,20145,20146,20147,20148,20149,20150,20151,20152,20153,20154,20155,20156,20157,20158,20363,20367,20368,20369,20370,20371,20372,20373,20374,20375,20376,20377,20378,20379,20380,20386,20387,20388,20389,20390,20391,20392,20393,20394,20395,20396,20397,20398,20399,20400,20401,20668,20671,20672,20673,20674,20676,20677,20679,20680,20681,20682,20683,20684,20689,20690,20692,20693,20694,20697,20698,20720,20721,20722,20723,20724,20725,20726,20727,20728,20733,20734,20735,20739,20740,20744,20745,20751,20752,20753,20754,20755,20756,20757,20758,20759,20760,20761,20762,20763,20764,20765,20767,20768,20769,20778,20779,20780,20781,20782,20791,20794,20795,20797,20798,20817,20818,20826,20827,20828,20829,20835,20836,20837,20838,20839,20841,20842,20843,20844,20845,20846,20847,20848,20849,21032,21033,21034,21035,21036,21037,21097,21098,21099,21100,21101,21102,21103,21104,21105,21106,21111,21112,21113,21114,21115,21116,21117,21118,21125,21126,21127,21477,21478,21610,21611,21887,21888,21889,21890,21929,21930,22047,22048,22049,22050,22051,22052,22142,22143,22144,22145,22146,22147,22148,22149,22150,22151,22152,22153,22154,22155,22156,22157,22158,22159,22160,22161,22162,22163,22164,22165,22166,22167,22168,22169,22170,22171,22172,22173,22174,22175,22176,22177,
